
> h<-smacofSS(smallData, iord = 2, itmax = 1, xinit = xinit, safe = FALSE)
xold
 +0.113210  +0.000000 
 -0.113210  +0.000000 
 +0.113210  -0.113210 
 -0.113210  -0.113210 
 +0.113210  +0.113210 
 -0.113210  +0.113210 


xone
 -0.068233  +0.038482 
 +0.051300  +0.043714 
 -0.084606  +0.101921 
 +0.078799  +0.131861 
 -0.138329  -0.126129 
 +0.161070  -0.189849 


done
 -0.181443  +0.038482 
 +0.164509  +0.043714 
 -0.197816  +0.215131 
 +0.192009  +0.245071 
 -0.251539  -0.239339 
 +0.274279  -0.303059 


xtwo
 +0.042256  -0.047696 
 -0.014780  -0.048690 
 +0.073214  -0.098166 
 -0.065022  -0.138268 
 +0.150869  +0.118640 
 -0.186538  +0.214180 


dtwo
 +0.291932  -0.124660 
 -0.230589  -0.136119 
 +0.355635  -0.415218 
 -0.335830  -0.515200 
 +0.540738  +0.484108 
 -0.621887  +0.707088 


xnew
 +0.006193  +0.008173 
 -0.008287  +0.010555 
 +0.005184  -0.002315 
 -0.006187  +0.003351 
 -0.003663  -0.005032 
 +0.006760  -0.014731 


itel    1 sold    0.2310132078 snew    0.8922632484
> h<-smacofACX(smallMat, xinit = xinit, strategy = 2, itmax = 1, safe = FALSE)
[1] "xold"
     [,1]      [,2]     
[1,] +0.113210 +0.000000
[2,] -0.113210 +0.000000
[3,] +0.113210 -0.113210
[4,] -0.113210 -0.113210
[5,] +0.113210 +0.113210
[6,] -0.113210 +0.113210
[1] "x1"
     [,1]      [,2]     
[1,] +0.068233 -0.038482
[2,] -0.051300 -0.043714
[3,] +0.084606 -0.101921
[4,] -0.078799 -0.131861
[5,] +0.138329 +0.126129
[6,] -0.161070 +0.189849
[1] "d1"
     [,1]      [,2]     
[1,] -0.044977 -0.038482
[2,] +0.061910 -0.043714
[3,] -0.028604 +0.011289
[4,] +0.034411 -0.018652
[5,] +0.025120 +0.012919
[6,] -0.047860 +0.076640
[1] "x2"
     [,1]      [,2]     
[1,] +0.042256 -0.047696
[2,] -0.014780 -0.048690
[3,] +0.073214 -0.098166
[4,] -0.065022 -0.138268
[5,] +0.150869 +0.118640
[6,] -0.186538 +0.214180
[1] "d2"
     [,1]      [,2]     
[1,] +0.019000 +0.029268
[2,] -0.025390 +0.038739
[3,] +0.017212 -0.007534
[4,] -0.020634 +0.012246
[5,] -0.012580 -0.020408
[6,] +0.022392 -0.052309
[1] "xnew"
     [,1]      [,2]     
[1,] +0.019968 -0.049206
[2,] +0.016930 -0.042994
[3,] +0.065961 -0.096304
[4,] -0.056199 -0.141618
[5,] +0.160662 +0.104865
[6,] -0.207321 +0.225257
itel  1 2 sigd 1.5328425456 difx 0.1301394115 fold 0.2310132078 fnew 0.0126359006 
